# 3	5	11	13	14	21	24	27	29	37	45	46	50	56	56	62	62	62	67	68	80	84	91	98	102	105	108	112	113	115	119	121	126	127	129	129	129	132	134	139	136	142	164	168	170	172	176	177	181	182	186	187	188	192	193	195	196	199	211	215	222	223	224	225	226	226	226	230	235	235	236	239	240	243	249	251	254	256	257	258	259	263	267	267	267	269	270	273	273	276	278	282	283	284	284	286	286	290	293	294	
# 
# 
# 
# -----------
# 
# 3	5	11	13	14	21	24	27	29	37	45	46	50	56	56	62	62	62	67	68	80	84	91	98	102	105	108	112	113	115	119	121	126	127	129	129	129	132	134	136	139	142	164	168	170	172	176	177	181	182	186	187	188	192	193	195	196	199	211	215	222	223	224	225	226	226	226	230	235	235	236	239	240	243	249	251	254	256	257	258	259	263	267	267	267	269	270	273	273	276	278	282	283	284	284	286	286	290	293	294	

counter =               341539

